
x  = c('A', 'B', 'X')

y <- c(1,2,3,4,5,6,7,8,9,0)

y[c(2,4,6)]

c = y[-2]

c;y

c = y[c(-1,-2,-3)]

s = y[-c(1:3)]
s
x <- c(10,20,30,40,50)


x[2] = 200
x[1] <- 33
x[c(1,2)] <- c(10,20)
x[c(1,2)] <- 10

x[c(1,2,3,4,5)] <- 11:15
x


x[6:10] <- 3
x[12] <- 1
x[11] <- 1
x
x[c(13,14)] = c(13,14)
x
